4
0 9 3 15        0 0 0 0         12 16 4 0       8 14 1 5 
6 10 2 11       12 16 4 0       0 0 0 0         0 9 3 15 
0 16 4 13       8 0 0 5         7 0 3 15        6 10 2 11 
8 14 1 0        0 0 3 15        6 0 0 0         0 16 4 13 
9 3 15 7        10 0 0 6        0 0 13 0        0 1 0 0 
10 2 11 0       0 4 13 0        0 0 0 0         0 0 0 7 
0 4 13 0        0 0 0 8         9 0 0 0         0 0 0 6 
0 0 0 8         9 0 0 0         0 2 11 6        0 4 13 0 
3 0 7 0         2 11 6 0        0 0 12 0        1 0 0 0 
0 11 0 0        4 0 12 0        0 0 0 0         0 15 7 0 
0 13 12 0       1 5 8 14        3 0 0 9         2 11 6 0 
1 0 8 14        3 0 0 9         2 0 0 0         0 0 12 16 
0 7 0 3         0 6 10 0        0 0 0 0         0 0 0 0 
0 0 10 0        13 0 0 4        5 8 0 0         0 0 0 0 
13 0 0 0        0 0 14 1        15 0 0 0        0 6 10 2 
5 8 0 1         15 0 0 3        0 6 10 0        13 0 16 4
