5
0	0	6	5	13	0	18	0	0	0	20	14	24	0	0	0	0	19	0	0	12	0	22	25	16	
0	18	0	0	11	20	0	0	21	0	0	3	0	0	0	0	0	0	0	16	4	10	0	5	0	
20	0	0	0	0	0	3	0	8	17	0	0	0	0	0	4	10	0	0	0	0	18	0	15	0	
0	0	0	0	0	0	0	22	25	16	4	0	0	0	0	0	0	23	15	11	20	14	24	0	0	
12	2	22	0	0	0	10	6	0	0	0	18	0	15	11	0	14	0	21	0	7	0	19	0	0	
10	0	0	0	4	0	0	0	0	1	14	24	21	9	0	3	0	0	0	0	0	22	0	16	0	
0	0	15	0	1	14	24	0	0	0	0	19	8	17	0	2	22	25	16	12	0	6	5	0	0	
0	24	21	0	0	0	19	8	0	0	2	0	0	0	0	10	6	0	13	0	0	23	0	0	0	
3	19	0	17	0	0	0	25	0	12	0	6	5	0	0	18	0	0	0	1	14	24	21	0	20	
0	22	0	0	0	10	0	5	0	0	0	23	15	0	0	0	24	0	0	0	0	0	8	17	0	
6	5	0	0	0	0	15	11	1	0	0	21	9	0	14	0	0	17	7	3	22	0	0	0	2	
23	15	11	0	18	0	0	9	20	14	19	0	0	7	3	22	0	16	0	0	6	5	13	0	10	
24	0	0	0	14	19	8	0	7	0	0	0	16	12	0	0	5	13	4	10	23	15	0	0	0	
19	0	17	7	3	22	0	0	12	2	6	5	13	0	10	0	15	0	1	18	24	0	9	20	0	
22	0	0	12	2	0	5	0	0	0	23	0	11	0	0	24	0	0	0	14	0	8	0	7	3	
0	13	0	10	0	15	11	1	18	23	21	0	0	0	24	8	0	0	3	0	0	16	12	2	0	
0	11	1	18	23	21	0	0	14	0	8	17	7	3	19	25	16	0	0	0	0	0	0	0	0	
21	9	20	14	24	0	0	7	0	0	0	16	0	2	22	5	13	4	10	6	0	0	1	18	23	
0	17	7	3	0	0	16	0	0	0	0	0	4	10	6	15	0	1	0	0	21	0	0	0	24	
0	16	0	0	22	0	13	4	0	0	0	0	0	18	23	21	9	0	0	24	8	0	0	3	19	
13	0	0	0	5	0	1	18	23	0	9	20	0	0	0	17	7	3	19	0	0	12	0	22	0	
0	1	18	23	0	9	20	14	24	0	17	0	0	19	8	16	12	2	0	0	0	4	10	6	5	
0	0	14	24	0	17	0	3	19	0	0	0	0	0	0	13	0	10	0	0	11	0	0	23	15	
0	7	3	0	8	16	12	0	0	25	13	0	0	6	0	11	0	18	0	15	0	0	0	24	21	
16	12	0	22	0	0	0	0	6	5	0	1	18	23	0	9	20	14	0	0	17	0	3	19	8	
